[bg.jpg]
filters=Vignette=1,25.146198,1.233918,0.000000,00000000;
moddate=14718fd428ffd201
width=1920
height=1080
textactive=0
